1322684495561,0,59
1322684495561,4,28
1322684495561,2,59
1322684495561,5,23
1322684495851,15,204
1322684495851,28,61
1322684495851,21,132
1322684495851,8,277
1322684496123,12,496
1322684496123,56,22
1322684496123,50,86
1322684496123,47,117
1322684496123,42,180
1322684496123,38,211
1322684496123,32,274
1322684496123,30,307
1322684496123,26,339
1322684496123,24,370
1322684496123,22,403
1322684496123,16,465
1322684496123,7,554
1322684496123,53,50
1322684496123,45,143
1322684496123,43,174
1322684496123,31,301
1322684496123,29,332
1322684496123,25,367
1322684496123,13,492
1322684496485,6,920
1322684496485,84,73
1322684496485,68,259
1322684496485,62,321
1322684496485,58,353
1322684496485,52,416
1322684496485,44,511
1322684496485,36,604
1322684496485,18,796
1322684496485,10,889
1322684496485,11,885
1322684496858,64,663
1322684496858,59,723
1322684497078,48,1070
1322684497078,147,1
1322684497078,133,143
1322684497078,121,286
1322684497078,101,500
1322684497078,94,571
1322684497078,87,644
1322684497078,67,857
1322684497078,61,928
1322684497078,40,1146
1322684497078,146,3
1322684497078,138,74
1322684497078,132,145
1322684497078,126,216
1322684497078,100,502
1322684497078,80,717
1322684497078,74,788
1322684497078,66,860
1322684497078,60,931
