1322684495345,300,300,300,300
1322684495448,300,300,300,300
1322684495552,310,310,290,290
1322684495654,320,320,280,280
1322684495755,330,330,270,270
1322684495858,340,340,260,260
1322684495960,350,350,250,250
1322684496062,360,360,240,240
1322684496165,360,360,240,240
1322684496268,370,370,230,230
1322684496371,360,360,240,240
1322684496474,370,370,230,230
1322684496577,380,380,220,220
1322684496678,370,370,230,230
1322684496781,380,380,220,220
1322684496882,370,370,230,230
1322684496984,380,380,220,220
1322684497087,370,370,230,230
1322684497189,380,380,220,220
