    3.0000    13.0000    16.0000     1.8460     1.6430     1.2230 66790276.0000 
   70.0000    90.0000    12.0000    -1.9420    -0.5160    -1.3070 167972226.0000 
   48.0000    35.0000    15.0000     1.7470    -0.3150     1.6570 102007980.0000 
   49.0000    91.0000    62.0000    -1.7870     1.2980     0.0690 334651482.0000 
   82.0000    68.0000    99.0000     1.7770    -1.9570    -1.2580 346689504.0000 
   32.0000    73.0000    71.0000    -0.5840    -1.5340     0.6440 314771670.0000 
   79.0000    35.0000    14.0000    -0.3840    -1.7550    -0.0580 151083876.0000 
   33.0000     0.0000    59.0000     0.2310    -1.7310     1.3100 645305444.0000 
   78.0000    31.0000    32.0000    -1.8270    -1.8750    -0.9590 1004147344.0000 
   14.0000    10.0000    25.0000    -0.3680     0.8540    -1.1020 594940580.0000 
   33.0000    61.0000     1.0000    -0.6220    -0.7450     0.8390 34600378.0000 
   92.0000    83.0000    20.0000     0.0130    -1.8060     1.3040 58086364.0000 
   88.0000     1.0000    98.0000     0.8130    -1.3060     0.8370 54570927.0000 
   47.0000     0.0000    41.0000     0.2540     0.6500    -0.2600 1440157266.0000 
   53.0000    93.0000    14.0000     0.3080    -1.0160    -1.4610 898294283.0000 
   74.0000    68.0000    94.0000    -0.0320    -1.4270     1.8630 736967340.0000 
   16.0000    95.0000    78.0000    -1.7890     0.3320     0.3530 79532336.0000 
   54.0000    12.0000    85.0000     0.7560     1.3040    -0.6230 777461196.0000 
   22.0000     7.0000    65.0000    -1.1420    -0.7020    -0.8380 821337827.0000 
   30.0000    81.0000    93.0000     1.3550    -1.1040    -1.9620 772879171.0000 
   85.0000    47.0000    23.0000     0.2170    -1.5480     0.6950 11954020.0000 
    7.0000    86.0000    15.0000     1.2120     0.0150     0.2070 59153888.0000 
   14.0000    87.0000    95.0000    -1.7360     1.7490     0.3340 146657790.0000 
   15.0000    30.0000    39.0000     1.9110    -0.8800    -0.7930 1484183210.0000 
    6.0000    99.0000    74.0000     1.7590     1.9940     1.8740 15215252.0000 
   12.0000    84.0000    66.0000     0.5270     0.1920     1.3870 645740640.0000 
   74.0000    64.0000    71.0000     0.0750    -0.5020    -1.2400 1222007312.0000 
   42.0000    98.0000    77.0000     1.3140    -1.5950    -0.5470 1841635683.0000 
   53.0000    45.0000    75.0000     1.0990    -1.8810    -1.1560 13238496.0000 
   29.0000    19.0000    11.0000     1.0210     0.5590    -1.7200 635485800.0000 
   44.0000     2.0000    61.0000    -1.0580     0.3620     1.9200 113218247.0000 
   18.0000    38.0000    70.0000     1.8750    -1.6090    -1.4590 1988038866.0000 
   86.0000    66.0000    96.0000    -0.7420    -0.3370     0.3010 672822860.0000 
   21.0000     5.0000    17.0000    -1.9680     0.3850     0.3960 633548962.0000 
   51.0000    78.0000    72.0000     1.0650    -1.8500    -1.4200 642634824.0000 
   70.0000    92.0000    44.0000    -1.7380    -1.6140     1.4350 663214112.0000 
   54.0000    58.0000    30.0000    -0.0830    -0.6400    -0.9760 2135497951.0000 
   30.0000    30.0000    65.0000    -0.4850    -0.2740    -1.8660 697615680.0000 
   65.0000    21.0000    95.0000    -1.4850     1.7530    -0.5310 529627176.0000 
   61.0000    80.0000    86.0000    -0.3010     1.0670    -1.6520 412445514.0000 
    7.0000    54.0000    90.0000    -0.8810     0.6790     0.7030 150859251.0000 
   33.0000    17.0000    28.0000    -1.8880     1.3030     1.7250 128448944.0000 
   46.0000    88.0000    84.0000     0.6520    -0.1430    -1.6800 128046542.0000 
    0.0000    14.0000    70.0000     1.0190     0.8620    -1.9060 890544564.0000 
   49.0000    83.0000    40.0000    -1.2200     0.9870     1.6920 377008623.0000 
   61.0000    21.0000    36.0000     0.1650     1.3990    -1.2700 614572836.0000 
   70.0000    69.0000    49.0000     1.6800     0.6890     1.2250 236198349.0000 
   39.0000    73.0000     9.0000    -1.0460    -1.4800    -1.9980 545475544.0000 
   37.0000    16.0000    53.0000     1.9760     1.3600     1.0460 1738193801.0000 
   19.0000    37.0000    39.0000     0.1180    -1.7330     0.5720 660357360.0000 
   42.0000    17.0000    70.0000     1.9830    -0.7050    -1.3790 198624373.0000 
   46.0000    34.0000    40.0000    -0.0820    -1.7120    -1.7320 74577125.0000 
   84.0000    92.0000    54.0000     1.2960     1.6900     0.6030 995369175.0000 
   92.0000    57.0000    80.0000     0.7600    -0.8180    -0.3520 575246088.0000 
   18.0000    20.0000    59.0000    -0.6350     1.5930    -0.9160 729690313.0000 
   70.0000    44.0000    10.0000     0.0100    -0.2880     1.8010 1228718366.0000 
   46.0000    42.0000    44.0000    -1.8640     1.4970     0.8150 1017854225.0000 
   72.0000    79.0000     1.0000     0.6060    -0.2210     0.3030 548541324.0000 
   23.0000    94.0000    14.0000    -1.1320    -1.0220     1.9660 419350538.0000 
   62.0000    74.0000    59.0000     1.4740    -0.7250     1.6470 405325921.0000 
   89.0000    70.0000    58.0000    -1.9620    -0.4150    -1.2440 362549200.0000 
   87.0000    29.0000    16.0000     0.6670    -0.5670     1.0510 915241159.0000 
   45.0000    31.0000    29.0000    -1.7250     1.6970     0.1410 289863852.0000 
   15.0000    88.0000    37.0000    -0.7580     1.3350     1.1110 1373779885.0000 
   81.0000    74.0000    15.0000     1.4670     0.2820     0.2950 159029190.0000 
   25.0000    45.0000    37.0000     1.2100     1.8480     0.3530 651466835.0000 
   84.0000    47.0000    21.0000     0.1330    -1.6600     0.3970 637683168.0000 
   85.0000    33.0000    50.0000    -0.2270    -0.9560    -1.1340 54816630.0000 
   92.0000    69.0000    97.0000    -1.3260    -1.4350    -0.0740 685455384.0000 
   23.0000    85.0000    52.0000     0.9240    -0.9090     1.4700 543851950.0000 
   70.0000    90.0000    61.0000     0.0100    -1.7600    -0.0430 1559425932.0000 
   91.0000    20.0000    50.0000    -0.7130    -0.9140     0.8040 500167871.0000 
   26.0000    62.0000     4.0000    -0.0090    -0.0600    -0.9470 4208139.0000 
   38.0000    37.0000    88.0000    -1.4710     0.0590     0.0090 253764896.0000 
    0.0000    18.0000    92.0000    -1.9080    -1.9730    -1.2380 109234584.0000 
   82.0000    72.0000     6.0000     0.4200     0.7280     0.1230 59049145.0000 
   38.0000     6.0000    97.0000    -1.9220    -1.8410     1.1820 193279527.0000 
   71.0000    82.0000    79.0000     1.8310     1.0440    -1.4640 124090406.0000 
    6.0000    56.0000    88.0000     0.6340     1.1180     0.1090 124356564.0000 
   33.0000    62.0000    72.0000    -1.2380     0.5860    -0.8780 101321604.0000 
   29.0000    66.0000    54.0000    -1.2600     0.9480     0.2490 1202176.0000 
   83.0000    70.0000     3.0000     0.3270     0.0580    -0.8330 184377795.0000 
   24.0000    11.0000    51.0000     0.6420     0.3210     0.9070 70603169.0000 
   70.0000    19.0000    68.0000     0.3080     1.7940     0.7370 336064500.0000 
   55.0000    38.0000    15.0000     0.1550     0.7870    -0.1940 50424146.0000 
   76.0000    30.0000    98.0000    -0.6140    -0.7020    -0.3780 485471242.0000 
   85.0000    54.0000    68.0000    -1.1420    -1.0380     1.6150 230821956.0000 
   87.0000    33.0000    92.0000     0.0810     0.1220     0.7280 1767114461.0000 
   66.0000    23.0000    33.0000     0.0540    -0.2710     0.7120 151208765.0000 
   95.0000    75.0000    44.0000    -1.5070     0.8490    -1.1530 487965450.0000 
    2.0000    87.0000    45.0000    -1.7840    -0.1970     1.8100 1187017920.0000 
   96.0000    44.0000    23.0000    -0.3300     0.9720    -0.6690 82976800.0000 
   54.0000    85.0000    44.0000     1.3360    -0.8030    -0.5270 775498806.0000 
   49.0000    89.0000    37.0000    -0.4500    -1.9630     1.2560 426492358.0000 
   96.0000    83.0000    59.0000     1.5990    -0.6550    -0.8890 1483909060.0000 
    7.0000    16.0000    12.0000    -1.3210    -1.7530    -0.7880 5568948.0000 
   97.0000    66.0000    89.0000    -1.1060    -0.2610    -0.0650 442672685.0000 
   24.0000    76.0000    43.0000    -0.4870     0.4850    -0.7200 126416574.0000 
   15.0000    15.0000    80.0000    -1.8390     0.1260    -1.7270 880554940.0000 
   89.0000    66.0000    64.0000     1.7880    -1.5220    -1.5140 64924584.0000 
    4.0000    31.0000    74.0000     1.1950    -1.2340     1.4130 113493245.0000 
   41.0000    31.0000    56.0000    -0.8740     1.6110    -1.0880 30579604.0000 
   28.0000    39.0000    40.0000    -1.5940     0.2640     1.6420 80892746.0000 
    9.0000    56.0000    93.0000     1.7390    -0.0580     1.2350 742358308.0000 
   66.0000    45.0000    94.0000     0.8320     0.5100     0.5820 300957714.0000 
   13.0000    30.0000    78.0000    -1.1240    -0.2570    -1.9630 658772532.0000 
   77.0000    95.0000    29.0000     1.9410     0.2380    -0.9790 664053852.0000 
   78.0000    40.0000    90.0000    -1.2280     0.5750     0.5610 64162180.0000 
    6.0000    65.0000    25.0000     1.8160    -0.6530    -1.1000 804799762.0000 
   30.0000    98.0000    88.0000     1.8250     1.6350     1.4960 547723592.0000 
   91.0000    30.0000    58.0000    -1.3190    -0.3490     1.7050 284956875.0000 
   97.0000    23.0000    54.0000    -0.0270     1.0360    -0.5750 448771032.0000 
   90.0000    92.0000    59.0000    -0.1110    -1.9560    -0.5210 1156842960.0000 
   29.0000    41.0000    52.0000    -0.5830     1.8370     0.1520 86943754.0000 
   34.0000    39.0000    62.0000    -1.2140    -0.9040    -0.1530 276945422.0000 
   70.0000    73.0000    19.0000    -0.9940    -1.3500     0.1370 269482128.0000 
   81.0000    61.0000    33.0000    -0.6750     1.6920    -1.7140 762262496.0000 
   28.0000    56.0000    39.0000    -1.1830     1.9080    -0.0280 337299624.0000 
   64.0000    13.0000    81.0000    -1.1880    -1.7400     0.1520 35883897.0000 
   78.0000    77.0000    40.0000     0.0280     0.9670    -0.3580 156994168.0000 
   55.0000     6.0000    26.0000     1.8990     1.2930    -0.6220 152674434.0000 
   34.0000    12.0000    90.0000     1.3940    -0.1150    -1.4590 171718448.0000 
    6.0000    22.0000    61.0000     1.5660    -0.5250     1.7200 228983383.0000 
   49.0000    40.0000    81.0000     1.8680    -1.5660    -1.1940 1311641784.0000 
   13.0000    43.0000    41.0000     1.1060     1.7730    -0.4380 1837952508.0000 
   75.0000    21.0000    53.0000     1.7120    -0.2860    -0.2050 652659360.0000 
   17.0000    26.0000    38.0000     0.5920     1.7980     1.4380 17606376.0000 
   31.0000    79.0000    16.0000     0.6650     1.8370    -1.3150 132978375.0000 
   80.0000    48.0000     8.0000     0.8530    -0.2380     0.8390 316635047.0000 
   61.0000    18.0000     1.0000    -0.2730     0.9130    -1.0340 654912.0000 
   93.0000    38.0000    75.0000    -1.5090     1.4770    -1.2280 541790700.0000 
    3.0000    60.0000    25.0000     1.6410     0.4450    -1.6160 10444958.0000 
   32.0000    52.0000    31.0000     0.3470    -0.4090     1.1960 300069543.0000 
   66.0000    90.0000    32.0000     1.9310     0.5560     0.4320 378185804.0000 
   70.0000    40.0000    45.0000     0.2990    -1.5870    -0.3640 1396330124.0000 
   48.0000    37.0000    61.0000     0.5460    -0.1790    -1.7950 525112321.0000 
   57.0000     7.0000    53.0000    -1.4520    -0.9450     0.6890 598361442.0000 
   31.0000    37.0000    52.0000     1.5400    -1.7310     0.3180 1242058224.0000 
   58.0000    86.0000    91.0000     0.7230    -0.4250     0.1020 944461452.0000 
   39.0000     5.0000    69.0000    -0.2870    -1.5900    -1.7070 13343358.0000 
   53.0000    72.0000    68.0000     1.2080     1.9130     0.4210 1063862400.0000 
   10.0000    34.0000    85.0000    -1.1210    -0.3960     1.5780 1249030200.0000 
   65.0000    13.0000    38.0000    -0.9080    -1.8320    -0.0700 1058560568.0000 
   36.0000    37.0000    72.0000     0.8980     0.9300    -0.1090 1294648656.0000 
   15.0000    86.0000    44.0000     1.0290    -0.3410    -0.0740 581561912.0000 
   12.0000    11.0000    48.0000     0.8170     1.5890     1.4700 48877920.0000 
   36.0000    70.0000    98.0000    -0.2960     1.3010     0.9660 11750778.0000 
    3.0000    88.0000    39.0000    -1.1150     0.1310     1.3050 92112622.0000 
   43.0000    65.0000    76.0000    -1.7980    -1.1090     1.8500 120316984.0000 
   13.0000    71.0000    20.0000     1.8020    -0.5580    -1.9960 378374080.0000 
   75.0000    59.0000    34.0000    -0.9720     0.4250     1.1490 612140490.0000 
   89.0000    56.0000    66.0000    -0.4790     1.5140     1.5870 67729827.0000 
   52.0000    96.0000    12.0000     1.7950     1.5980    -0.5650 995791434.0000 
    7.0000    71.0000    13.0000    -0.7990     1.1750     0.8740 241056750.0000 
   34.0000    17.0000    78.0000    -0.8890    -0.9340    -1.2530 337001259.0000 
   56.0000    58.0000    29.0000    -1.1780     0.3450    -0.5510 65735124.0000 
   45.0000    95.0000    44.0000    -1.5570     1.6310     1.2940 852587824.0000 
   65.0000    19.0000    39.0000    -0.0070     1.0940    -0.8780 1168429890.0000 
   39.0000    74.0000    91.0000    -1.5430    -0.4270    -1.2650 499666314.0000 
   93.0000    46.0000     3.0000     0.1900    -0.6050     1.2870 85113320.0000 
   82.0000    83.0000    35.0000    -0.8870     1.7780     1.2890 544631580.0000 
    9.0000    94.0000    88.0000     0.9550     0.2160     1.4840 1457314320.0000 
   10.0000    78.0000    65.0000    -0.1170    -1.2860     1.6820 1524822492.0000 
   29.0000    20.0000    50.0000    -0.6240    -1.8930     0.1890 726197472.0000 
   25.0000     4.0000    55.0000     1.1550     0.6460     1.9110 229604.0000 
    5.0000    91.0000    62.0000     1.5740     0.5270     0.5490 376726104.0000 
   79.0000    98.0000    72.0000     1.9450     1.2810     0.1890 1474796455.0000 
   10.0000     7.0000    38.0000     1.4690     0.1480    -1.3930 531298332.0000 
   12.0000    19.0000    80.0000     0.2580    -1.2700     0.7830 1335040637.0000 
   26.0000    79.0000    13.0000    -1.6470    -0.5200     1.1950 1003059000.0000 
   45.0000    66.0000    57.0000     0.4260     1.1560    -0.8380 1058343407.0000 
   69.0000    27.0000    39.0000     1.2690     0.9340     1.7510 5203359.0000 
   22.0000    75.0000    56.0000    -0.3480    -1.3900     0.2730 487755264.0000 
   52.0000     5.0000    41.0000     0.3320    -0.3480     0.6830 884184868.0000 
   50.0000     1.0000    76.0000     1.1580    -0.7850    -0.7360 1630471128.0000 
   43.0000    15.0000     5.0000     1.2300    -1.8820     0.4000 410157765.0000 
   76.0000    37.0000    44.0000    -1.1620    -0.0900     1.1360 432562680.0000 
   93.0000    16.0000    99.0000     1.2450    -0.5480    -1.1570 11823041.0000 
   96.0000    70.0000    12.0000     0.1110    -0.4130     0.6400 350021266.0000 
    7.0000    53.0000    12.0000     1.1260    -1.1950     1.5930 125533038.0000 
   30.0000    63.0000    72.0000    -0.5080     1.0510    -0.8530 328859237.0000 
   15.0000     7.0000    41.0000    -0.2810     1.6020    -1.0130 549089486.0000 
   58.0000    37.0000    10.0000     0.5450     0.7770     1.0580 448620645.0000 
   63.0000    92.0000    63.0000     0.2680    -0.5150    -0.2190 526244702.0000 
   96.0000    26.0000    59.0000    -0.9010     0.6730     1.1670 115009280.0000 
   74.0000    40.0000    60.0000    -0.8240    -1.9720    -1.8150 1968253769.0000 
   23.0000    38.0000    83.0000     1.4520    -1.9520    -1.6900 388287315.0000 
   54.0000    52.0000    31.0000    -1.9610    -1.0140     1.7850 723436272.0000 
   11.0000    66.0000    34.0000    -1.6640     1.1850     0.9330 452358738.0000 
   74.0000    89.0000    87.0000     0.0020    -1.5260    -1.6850 1063561611.0000 
    5.0000    23.0000     2.0000    -0.6470     1.8850     0.1910 226796740.0000 
   44.0000    99.0000    79.0000     0.3820     1.4850     1.9380 164606208.0000 
   56.0000     2.0000    85.0000     1.1410    -1.1640    -0.8860 714797220.0000 
    3.0000    91.0000    64.0000     0.2290     1.5580    -1.8480 344774520.0000 
   75.0000    33.0000    68.0000     1.2600     0.8760     0.1360 176524859.0000 
   36.0000    84.0000    54.0000    -0.6790    -1.1780    -1.5770 68506320.0000 
   25.0000    54.0000    71.0000     1.5130    -0.9320    -1.1250 446886702.0000 
   18.0000    39.0000     5.0000    -1.9710    -1.6570    -0.8640 148735275.0000 
   21.0000    13.0000    83.0000    -1.3030    -0.0510    -0.2650 25656980.0000 
   19.0000    76.0000    58.0000     1.7930    -1.2490     1.9280 1078808643.0000 
   34.0000    46.0000    42.0000    -0.3450     0.7730    -0.0300 994718082.0000 
    9.0000    35.0000    21.0000     0.1530     1.3710    -1.8350 88423156.0000 
   30.0000    58.0000    42.0000     0.6320     1.9940     1.9160 156161760.0000 
   92.0000    28.0000    59.0000    -1.0040    -1.8440    -1.9660 254229840.0000 
   81.0000    67.0000    97.0000    -1.6460    -0.6630     0.8760 192654470.0000 
   11.0000    19.0000     4.0000    -1.1650     1.0370    -1.4210 1355058206.0000 
   38.0000    73.0000    99.0000     1.1840    -1.1110    -1.2310 378152148.0000 
   97.0000    60.0000    30.0000    -0.4950    -0.7050     0.5550 773075506.0000 
   74.0000    97.0000    82.0000     1.9640     1.8730     1.1810 158898558.0000 
   52.0000    67.0000    23.0000    -0.5590     0.3980    -0.7450 154916954.0000 
   28.0000    12.0000    72.0000     1.4700    -1.7190     0.9220 547036860.0000 
   82.0000    86.0000    87.0000    -0.1710    -0.3590     0.0870 1184034285.0000 
   84.0000    40.0000    31.0000     1.3090    -1.8270     1.6940 1353107600.0000 
   13.0000    73.0000    19.0000     1.9120    -0.8720    -0.8200 650024284.0000 
   92.0000    73.0000    26.0000    -0.6740    -0.4530     1.7820 1329502859.0000 
   68.0000    48.0000    11.0000    -1.1390    -0.7650    -1.3840 144654532.0000 
    8.0000    60.0000    32.0000     0.1330    -0.5930    -0.3190 1501982430.0000 
   54.0000    82.0000    36.0000     0.6820     0.6140    -0.9630 185077256.0000 
   62.0000    69.0000    36.0000    -0.7910    -0.6480    -1.3550 563081244.0000 
   93.0000     1.0000    34.0000    -0.6200    -1.8300     0.5630 580013200.0000 
   23.0000    35.0000    64.0000    -0.3180    -1.5840    -0.6730 204689106.0000 
   61.0000    91.0000     5.0000    -0.6250    -0.1200     1.3960 1485816264.0000 
   66.0000    70.0000     3.0000     0.6700     1.3670     0.3940 227074848.0000 
   47.0000    76.0000    44.0000     0.4690     1.2390     1.6470 1517426610.0000 
   34.0000    16.0000    97.0000     1.5020     0.8950     0.5040 315607754.0000 
   96.0000    31.0000    31.0000    -1.1240     0.5790    -1.5840 159649360.0000 
   38.0000    74.0000    15.0000     0.5050    -1.3800    -0.5420 92170000.0000 
   86.0000    13.0000    89.0000     0.0780     1.6120     0.3410 229316460.0000 
   57.0000    94.0000    53.0000     0.4520    -0.0010    -1.6220 331901970.0000 
   61.0000    91.0000    23.0000     0.4930    -1.7400    -1.0060 946296944.0000 
   69.0000     6.0000    56.0000     1.8410     0.4160    -1.3750 529241009.0000 
   91.0000    51.0000    80.0000    -1.4450     0.4920    -0.7230 435764043.0000 
   72.0000    59.0000     6.0000     0.7710     0.8890    -0.3330 614581524.0000 
   58.0000    41.0000    96.0000    -0.5820     1.6880     1.3340 526600918.0000 
   92.0000    25.0000    50.0000     0.7080    -1.5980    -0.4880 751726640.0000 
   15.0000    43.0000    53.0000    -1.1410    -1.7790    -0.1410 621313110.0000 
   18.0000    68.0000    16.0000     1.2590     0.4870    -1.4140 624936160.0000 
   27.0000    58.0000    16.0000     0.6150     1.0450     0.9370 1226628396.0000 
   62.0000    27.0000    98.0000     1.1160     0.1390     0.3610 52089861.0000 
    4.0000    67.0000    13.0000    -0.1230    -1.0740    -1.3730 75663424.0000 
   47.0000    90.0000    55.0000     1.9340    -1.3720     0.6180 488953270.0000 
   28.0000    99.0000    23.0000    -0.2750    -1.3640    -1.6000 1688983625.0000 
   27.0000    61.0000    67.0000     1.5180     0.1740     1.2810 306989163.0000 
   48.0000    37.0000     8.0000     1.6260    -0.3360    -0.7180 95032792.0000 
   25.0000    77.0000    97.0000    -0.0470    -1.5530     1.3290 910670310.0000 
   28.0000    37.0000    53.0000     0.0170    -0.5110     0.2680 360850546.0000 
   81.0000    86.0000    86.0000    -1.7450     1.8190     0.4100 177904943.0000 
   99.0000    46.0000    45.0000    -0.1840     1.4280     1.0670 236015850.0000 
   97.0000    77.0000    11.0000    -0.3040    -1.9940    -0.3760 216453753.0000 
   13.0000    30.0000     3.0000    -1.4460    -1.3500    -0.8770 383148843.0000 
    9.0000    60.0000    87.0000    -0.8710    -1.0780     1.4250 266042070.0000 
   71.0000    94.0000    90.0000    -0.6480    -0.7870    -1.8310 162479274.0000 
   46.0000    20.0000    11.0000    -0.7960    -1.8030    -0.3130 385009080.0000 
   69.0000    98.0000    65.0000    -1.2800     1.8210     1.2390 104600750.0000 
    0.0000    91.0000    60.0000     0.6740     0.5690     0.2600 167519615.0000 
    6.0000    38.0000    92.0000    -0.3800     0.8080    -1.6980 490837183.0000 
   74.0000    97.0000    63.0000     1.4230     0.9850    -1.4940 1537448508.0000 
    4.0000    51.0000    26.0000     1.0260    -0.6100     1.9300 998387824.0000 
   74.0000    21.0000    69.0000    -0.0050    -0.6190    -0.0830 383595476.0000 
    8.0000    80.0000    60.0000     1.7160    -1.3660    -1.4540 950599620.0000 
   44.0000    37.0000    84.0000    -0.8190     0.4950    -0.0300 257283600.0000 
   21.0000    66.0000    78.0000    -0.1370    -0.6520    -0.0610 425479824.0000 
   60.0000    27.0000    69.0000     0.7930    -0.2040    -1.0950 251669680.0000 
   37.0000    45.0000    72.0000    -0.1290    -0.4080     0.8470 841203324.0000 
   36.0000    67.0000    69.0000     1.3320     1.3370    -0.0920 370192908.0000 
   74.0000    62.0000    74.0000    -1.6770    -1.2470     1.0320 728865716.0000 
   11.0000    67.0000    58.0000    -1.2930    -0.8760    -0.1080 863222527.0000 
   89.0000    84.0000    84.0000    -1.1190    -0.6170     0.3150 55823200.0000 
   83.0000    90.0000     4.0000     1.3720     1.8990     1.2880 505035150.0000 
    2.0000    57.0000    48.0000     0.8550    -1.7590    -1.0020 136114485.0000 
   17.0000    78.0000    11.0000     0.3410    -1.7780     1.6230 21545279.0000 
   60.0000    38.0000    93.0000     1.5430    -1.6950    -0.2330 615943780.0000 
   57.0000    19.0000    61.0000    -1.9920     1.3070     0.5440 125920696.0000 
   53.0000    34.0000    16.0000     1.9940    -1.5160    -0.3640 547215557.0000 
   15.0000     9.0000    94.0000     1.8370     1.3330    -0.5520 8297100.0000 
   86.0000    47.0000    88.0000     1.3920     0.2140     1.8560 618743010.0000 
   75.0000    45.0000    32.0000     1.5350     0.3410    -0.0820 2071178108.0000 
    4.0000    13.0000    88.0000    -0.1110     1.5490    -0.4140 1044981696.0000 
   96.0000    37.0000    54.0000    -1.0190     0.1370     1.4070 972406225.0000 
   54.0000    66.0000    68.0000     0.0680    -1.5780    -0.9480 77802450.0000 
   98.0000    24.0000    85.0000     1.1910    -1.3580    -0.5190 820052619.0000 
   94.0000    26.0000    87.0000     1.2960    -0.3350    -1.4180 98936244.0000 
   71.0000    18.0000    94.0000     1.4080    -0.0740     1.1200 92982615.0000 
   38.0000     4.0000    49.0000    -1.1870     1.3570    -1.7590 164822756.0000 
   65.0000     0.0000    98.0000     1.9590     1.4810    -0.9640 883867230.0000 
   63.0000    97.0000    24.0000     0.4280     1.5790    -0.6640 281879325.0000 
   55.0000    35.0000    10.0000    -0.2190    -0.4930    -0.4050 1325147356.0000 
   51.0000    10.0000    10.0000     1.6080    -1.9970    -1.8270 758721072.0000 
   25.0000    66.0000    79.0000     0.0070    -1.0460    -0.3630 944566128.0000 
   86.0000    59.0000    97.0000    -1.4350    -0.5530     0.5900 422983647.0000 
   25.0000    77.0000    35.0000     0.4840    -1.6760     0.9970 442220714.0000 
   59.0000    44.0000    36.0000     1.1150     1.9700    -0.9440 222780.0000 
   74.0000    15.0000     2.0000    -0.0720     1.7040     0.0890 46136000.0000 
    0.0000    95.0000     7.0000     1.6480     1.0860     1.7260 11059237.0000 
    3.0000    38.0000     0.0000     0.7800    -1.9130     1.6340 1610392068.0000 
   78.0000    96.0000    13.0000     1.0480     0.0040    -1.2510 717073749.0000 
   64.0000    50.0000     7.0000     0.5200    -0.8080    -0.7430 1191695580.0000 
   52.0000    69.0000    92.0000    -0.8100    -1.1050    -0.9530 669525750.0000 
   85.0000     6.0000    82.0000     0.2240    -1.8600     0.5420 563750460.0000 
   39.0000    36.0000    71.0000    -0.8570    -1.5150    -1.1330 376620464.0000 
   17.0000    33.0000    21.0000    -0.8390     0.9900    -0.6170 530050176.0000 
   52.0000    98.0000    33.0000     1.4470    -0.6550     1.5390 30163537.0000 
   97.0000    32.0000    58.0000    -1.4630    -1.8260     1.4810 216764460.0000 
   69.0000    78.0000    61.0000    -1.9460    -1.7030    -0.3650 904790070.0000 
   68.0000    28.0000    28.0000     0.3580     0.9110     0.3340 95718908.0000 
   33.0000    37.0000    62.0000    -1.6700    -0.7240    -1.5890 931097375.0000 
   95.0000    23.0000    62.0000     0.5700     0.0560     1.0220 265755250.0000 
   52.0000    48.0000    79.0000     0.7500    -0.6170    -0.6140 410196192.0000 
   14.0000    97.0000    61.0000    -0.1750     1.1320     0.9140 768480900.0000 
   51.0000     2.0000    47.0000     0.2800    -0.3340     0.9640 787959036.0000 
   88.0000    20.0000    83.0000     1.2440     0.2420    -0.4290 306549306.0000 
   19.0000    53.0000    96.0000     1.0550    -1.3600     1.1650 316149636.0000 
   63.0000    72.0000    84.0000     1.0950     0.8860    -0.2760 917942400.0000 
   79.0000    11.0000    69.0000    -1.3550     0.9760     0.8270 93292838.0000 
   47.0000    94.0000    12.0000    -1.3590    -0.0350    -0.6660 1609025304.0000 
   88.0000    84.0000    43.0000    -0.4200    -1.3510     1.5540 952333668.0000 
   26.0000    22.0000    59.0000     0.7640    -0.0010    -0.3770 1074885588.0000 
   35.0000    75.0000    75.0000    -1.0370    -1.9980     1.3850 10169640.0000 
   79.0000    43.0000    42.0000     0.0960     1.6300    -1.2710 758921040.0000 
   13.0000    28.0000    50.0000     1.2150    -1.3180     1.9880 332753736.0000 
   11.0000    91.0000    72.0000    -0.0900     0.2140    -0.0220 567710465.0000 
   53.0000    67.0000    16.0000     1.5070    -1.0480     1.3470 24056868.0000 
   91.0000     2.0000    28.0000    -0.7270     0.3830    -1.0870 45029696.0000 
   94.0000    93.0000    64.0000     1.0760    -1.6670    -1.6570 1122475904.0000 
   34.0000     9.0000     6.0000     1.5010    -1.0610     0.0980 494657842.0000 
   65.0000    19.0000    51.0000    -1.3820    -1.4340     0.2110 294846472.0000 
   65.0000    82.0000    82.0000     0.2490     0.1480    -0.3230 69662608.0000 
   70.0000    62.0000    18.0000     0.0040    -1.9430     1.2550 173816138.0000 
   17.0000     7.0000    45.0000     1.1560     1.2050    -1.1010 1299287.0000 
   18.0000    52.0000    41.0000     1.0370     0.1160    -0.1050 733186746.0000 
   77.0000    33.0000    30.0000    -1.0750     1.1100     1.4280 288469888.0000 
   42.0000    38.0000    37.0000     1.5520    -1.3070     0.0890 190074632.0000 
   48.0000    41.0000    19.0000     1.1060     0.6400     0.0200 362190312.0000 
   24.0000    22.0000     0.0000    -1.9600    -1.5830     0.4500 682007520.0000 
   83.0000     4.0000    72.0000     1.3460     0.0330     0.2910 422925516.0000 
   29.0000    68.0000    79.0000    -1.2250     0.0570     0.3270 52168448.0000 
   20.0000     8.0000    64.0000     1.0610    -0.8200     1.7450 733215945.0000 
   67.0000    76.0000    45.0000     0.6840     1.8260    -0.4810 40419925.0000 
   24.0000     2.0000    56.0000     0.5090    -1.0060     1.8870 217555200.0000 
   55.0000    68.0000     2.0000     0.2640    -1.8530     0.5920 138227328.0000 
    0.0000    38.0000    81.0000     0.5810    -0.6170    -1.4950 548484375.0000 
   81.0000    35.0000    86.0000    -0.2930     1.0550    -1.0830 1230118042.0000 
   71.0000    77.0000    88.0000    -0.6830    -0.9360     0.0760 224777553.0000 
   96.0000    95.0000    88.0000    -1.9560     1.5390    -1.5380 734860035.0000 
    1.0000    93.0000    73.0000     1.8360    -0.5500    -0.0890 36235197.0000 
   98.0000    25.0000    42.0000     0.8530     1.7940     1.5120 499917432.0000 
   41.0000    72.0000    83.0000     0.4580     0.5010     1.8280 498968306.0000 
   76.0000    17.0000    41.0000    -1.6850    -1.9200     1.4050 16673580.0000 
   98.0000    80.0000    69.0000    -0.5520     1.7430     0.2080 1360888466.0000 
   86.0000    74.0000    47.0000    -1.1200     0.7380    -0.8680 470786484.0000 
    4.0000    82.0000    89.0000     1.7050    -0.0900     0.3190 9812147.0000 
   88.0000    96.0000    54.0000     0.7200    -1.6980    -1.0390 19589055.0000 
   94.0000    75.0000    53.0000     0.5370     0.5350     1.5840 36638539.0000 
   10.0000    79.0000    54.0000    -0.1000     0.3110    -0.5000 226201788.0000 
   34.0000    21.0000    25.0000    -0.1550     1.2920     0.3800 753367352.0000 
   28.0000    37.0000    53.0000     1.9300    -0.8010     0.2590 179344220.0000 
   86.0000    88.0000    34.0000    -0.5270     1.3240    -0.3340 67171280.0000 
   97.0000     1.0000    87.0000    -0.1400    -1.8470     0.4190 118035904.0000 
   41.0000     4.0000    85.0000     0.6850    -1.6160     1.1680 647600436.0000 
   58.0000    72.0000    95.0000    -0.6910     1.8830    -0.7700 691288986.0000 
   70.0000    88.0000    94.0000    -1.7050     0.9060    -0.2590 12410970.0000 
   42.0000    69.0000    67.0000    -1.8040    -0.0590     0.7470 136430814.0000 
   51.0000    21.0000    19.0000    -0.5120     0.4410    -1.3620 922671288.0000 
   10.0000     0.0000    60.0000    -0.2070     1.7310    -0.4860 430090042.0000 
   55.0000     8.0000    48.0000    -0.3390     0.6500    -1.8700 93098532.0000 
    0.0000    36.0000    40.0000    -0.4070     1.8830     1.8760 529303680.0000 
   49.0000    46.0000    27.0000    -0.4090     1.5840    -1.3200 163295598.0000 
   80.0000     3.0000    39.0000     1.2630    -0.1310    -1.3950 531915678.0000 
   14.0000    65.0000    38.0000    -1.4840     0.1480     1.1070 1925547000.0000 
   95.0000     1.0000    93.0000    -1.5210     1.0290     0.3200 350862648.0000 
   18.0000    45.0000    70.0000    -0.7970    -0.3230     1.9120 771058080.0000 
   67.0000    41.0000    73.0000     0.1370     1.6460    -0.8580 622683180.0000 
    7.0000    51.0000    76.0000    -0.6930    -0.7900    -0.7630 114571372.0000 
   90.0000     0.0000    37.0000     1.4190    -1.1800    -1.5450 94408083.0000 
   52.0000    20.0000    94.0000     1.1290    -0.0150     1.3950 253626181.0000 
   36.0000    11.0000    89.0000     0.4350    -0.0470     1.5030 12802734.0000 
   54.0000    24.0000    20.0000     0.8170     1.2130    -0.4720 1069949760.0000 
   80.0000    12.0000    26.0000    -0.4470    -1.5810    -0.3230 45505880.0000 
   97.0000    38.0000     0.0000    -0.6180    -1.9150    -0.6620 76568714.0000 
    2.0000    76.0000    57.0000    -1.1930    -1.7690    -1.0960 502193048.0000 
   80.0000    45.0000    55.0000     0.4450     0.9250    -0.3700 154737220.0000 
   42.0000    79.0000    58.0000    -0.3390    -1.8440    -0.7980 1197663920.0000 
   92.0000    84.0000    88.0000    -0.0220     0.5740    -0.3730 204544690.0000 
    3.0000    61.0000    36.0000     0.2350     1.4170    -1.4920 205120799.0000 
   53.0000    28.0000    95.0000    -1.5220     0.7100     1.8480 67540220.0000 
   79.0000    94.0000    13.0000     0.8350     0.5490    -0.5030 220994346.0000 
   81.0000    80.0000    71.0000    -1.0450     0.0070     1.6230 571505730.0000 
   84.0000    20.0000    50.0000    -0.7980    -0.5200     1.0230 640213326.0000 
    3.0000    99.0000    64.0000     0.8130    -0.5010    -2.0000 39492147.0000 
   47.0000    30.0000    65.0000     1.8960     0.5790     0.4580 1846228746.0000 
   38.0000     9.0000    67.0000    -0.8020     1.0840    -0.9970 3701383.0000 
   23.0000    63.0000    23.0000     1.4560     1.8860     0.2750 1390678259.0000 
   26.0000     6.0000     6.0000    -0.5740     0.7070     0.6230 24062832.0000 
    5.0000    70.0000     2.0000     0.2840     1.4280    -1.3610 48700311.0000 
    0.0000    67.0000    68.0000     1.5370     1.5710     0.0810 146739871.0000 
   44.0000    81.0000     2.0000     1.1820    -0.1920     1.8440 32122557.0000 
   51.0000    81.0000    60.0000    -0.7420     0.0040    -0.8830 329605344.0000 
   39.0000    66.0000    97.0000     0.2190     0.9570    -1.3550 216234050.0000 
   13.0000    58.0000    47.0000     0.7840     1.4390    -1.9430 13124220.0000 
   38.0000    85.0000    18.0000    -0.6020    -0.4710    -0.2060 1476411240.0000 
   75.0000    45.0000    90.0000     1.5320    -1.8860     1.7060 472381384.0000 
   24.0000    43.0000    24.0000    -0.6660     1.2880     0.3130 69719628.0000 
   71.0000    43.0000    37.0000     1.4630    -1.9000     0.3200 617684340.0000 
   57.0000    69.0000    88.0000    -0.1140     0.2630    -1.4280 153623558.0000 
   69.0000     9.0000    75.0000     1.6830    -1.9320    -0.3800 122473998.0000 
   15.0000    12.0000    26.0000    -1.7440     0.0260    -1.4780 614831469.0000 
   17.0000    99.0000    64.0000    -0.6310     1.7710    -1.9370 590722920.0000 
   33.0000    99.0000    66.0000     1.1480     1.0720    -1.3150 617958650.0000 
   47.0000    66.0000    25.0000    -0.8850    -1.0610    -0.7350 642245400.0000 
   78.0000    38.0000    62.0000     1.3560     1.8600    -0.7280 1245204182.0000 
   23.0000    70.0000    47.0000     0.4940     1.6850     1.5590 625444755.0000 
   58.0000    40.0000    71.0000    -0.5180     0.3780     1.3620 1504660575.0000 
   81.0000     1.0000    92.0000     1.9720    -1.5820    -1.5490 1465201176.0000 
   41.0000    93.0000    52.0000    -1.9980     0.0170     0.5100 241057480.0000 
   32.0000    31.0000    86.0000     0.1690     1.5420     0.5600 865354770.0000 
    0.0000    63.0000    35.0000     0.6300     0.5250     1.9110 897883532.0000 
   64.0000    99.0000    82.0000     1.4830    -1.8970    -1.8870 852939142.0000 
    6.0000    84.0000    98.0000     0.5230    -1.5060    -0.2700 787945767.0000 
   14.0000    49.0000    47.0000    -0.7440    -0.5910    -1.7610 904743710.0000 
    2.0000    45.0000    44.0000     0.2800     0.9080     0.6990 29729472.0000 
   51.0000    73.0000    56.0000     0.4540     0.1860     0.6870 408884486.0000 
   71.0000    49.0000    15.0000    -0.8350    -0.6210    -1.1700 13535980.0000 
   79.0000    43.0000     2.0000    -0.5600    -0.1180    -1.7370 1819235505.0000 
   60.0000    97.0000    17.0000     0.1690     1.1490    -1.8930 558103095.0000 
   80.0000    50.0000     6.0000    -1.6340    -1.3630     1.3560 123151047.0000 
    5.0000    77.0000    26.0000    -1.2630    -0.1930     1.3220 668807550.0000 
   65.0000    36.0000    30.0000     1.1990    -0.5000     1.4360 474684224.0000 
   85.0000    53.0000    81.0000     1.3860    -1.1390     1.7750 761103216.0000 
   25.0000    96.0000    12.0000     0.3630    -0.7470     1.5220 540111210.0000 
    0.0000    50.0000    47.0000     0.3070     0.5240    -0.1180 642286512.0000 
   70.0000    28.0000    41.0000    -0.6780     1.9160    -1.7710 220974300.0000 
   83.0000    68.0000    88.0000     0.1960    -0.1560    -1.2210 642233620.0000 
   75.0000     1.0000    36.0000    -1.7200    -0.7760     0.6600 363344133.0000 
   63.0000    90.0000    35.0000    -1.2610    -1.1760    -0.7670 917551880.0000 
   14.0000    74.0000    17.0000    -0.3700    -1.7970    -1.5960 281065380.0000 
   73.0000    25.0000    34.0000    -1.6830     0.1040    -0.3240 664113648.0000 
   29.0000    27.0000    12.0000    -0.6950     0.2390     0.3030 796324223.0000 
   45.0000    17.0000    94.0000     0.4220    -0.2980    -0.2250 926213957.0000 
    1.0000    86.0000    51.0000     0.6560    -0.9090     1.5350 96933789.0000 
   60.0000    81.0000    33.0000     1.3160     0.3090    -0.8250 61694355.0000 
    2.0000    60.0000    44.0000     0.6420    -1.4850     0.7260 1119093224.0000 
   95.0000    90.0000    34.0000    -0.7510     0.4170     1.2510 1424611840.0000 
   90.0000    69.0000    27.0000    -0.6190     0.6560     1.7220 107654904.0000 
   55.0000    82.0000    85.0000     0.6650     1.0570     1.9850 243283200.0000 
   45.0000     0.0000    54.0000     0.3600     1.4780    -0.0980 948256400.0000 
   45.0000    59.0000    75.0000    -0.6860    -1.3890    -0.3550 257551692.0000 
   66.0000    12.0000    34.0000     1.4220    -0.2140    -1.7170 304742016.0000 
   65.0000    81.0000    58.0000    -0.7780     1.1660     0.2140 61378752.0000 
   15.0000    88.0000    24.0000     0.4450    -0.2570    -1.4510 149983000.0000 
    9.0000    46.0000    54.0000     0.8720     1.3910    -1.8610 231562804.0000 
    3.0000    11.0000    31.0000     1.9890     1.3940     1.9270 1089823683.0000 
    8.0000    93.0000    81.0000     0.2740     0.2080     1.8160 213164350.0000 
   56.0000    11.0000    20.0000    -0.6010     1.9120    -0.9090 35807185.0000 
   89.0000    46.0000    93.0000     0.9320    -1.1630    -1.1820 80994240.0000 
   29.0000    73.0000    34.0000     1.3230     1.6520     0.2170 227018460.0000 
   63.0000    16.0000    34.0000    -1.2290     1.8320    -1.3270 241771145.0000 
   36.0000    18.0000    92.0000     1.9480     1.3620     1.9830 1629942208.0000 
   29.0000    15.0000    84.0000    -0.4810     1.6340    -1.0750 1579909740.0000 
   50.0000    46.0000    39.0000    -1.6980     1.2160    -1.5270 518741650.0000 
   41.0000    49.0000     2.0000    -1.3270    -0.5260    -0.8000 23745155.0000 
   70.0000    58.0000    10.0000     0.8320     0.4410     1.9320 1447285658.0000 
   48.0000    68.0000    42.0000     0.3820    -1.8550    -0.0940 1681602423.0000 
    4.0000    88.0000    50.0000     0.4720     0.7140    -1.1350 179096940.0000 
   14.0000     5.0000    81.0000     1.1400    -0.9430    -0.5530 1835190702.0000 
    5.0000    12.0000    12.0000     0.3460     0.7450    -0.9040 220188381.0000 
   16.0000    15.0000    75.0000    -1.1860    -1.2790     0.5240 929897496.0000 
   65.0000    12.0000    50.0000     1.4790    -1.7230     1.0540 32785848.0000 
   11.0000    67.0000    83.0000    -1.6790    -0.5860     0.0850 1295626503.0000 
   98.0000    61.0000    18.0000     1.6430     0.0100    -0.1610 93741786.0000 
   55.0000    15.0000    92.0000    -0.2720    -1.7610    -0.5460 742467456.0000 
   67.0000     9.0000    87.0000    -0.8560     1.9150    -1.4260 307508586.0000 
   41.0000    23.0000    99.0000    -0.0440     0.9610    -1.6520 378247331.0000 
   62.0000    97.0000    54.0000     1.6240    -0.1630    -0.6580 59911036.0000 
   57.0000    95.0000    24.0000     1.6480     1.6010     0.9830 99442627.0000 
   92.0000    44.0000    65.0000     1.7590     1.1180    -0.5950 188341680.0000 
   80.0000    37.0000    68.0000    -0.7590     1.1370    -0.0530 363662825.0000 
   45.0000     6.0000    75.0000    -1.8660     1.0000     0.6780 1268358178.0000 
   25.0000    54.0000    58.0000    -1.5740     1.2370     1.4150 1355439271.0000 
   59.0000    64.0000    40.0000    -0.9220    -0.6790    -0.2220 619725888.0000 
   15.0000    58.0000    95.0000     1.7040    -0.6430     0.9990 157603544.0000 
    6.0000    31.0000    36.0000     1.6580     1.8610     0.7660 1212272586.0000 
   21.0000    78.0000    65.0000     0.6100     1.8930     1.0640 464558832.0000 
   28.0000    32.0000    34.0000    -1.6990     0.3100    -1.2760 624584688.0000 
   34.0000    49.0000    82.0000    -0.1560    -1.5510     1.0380 427872663.0000 
   69.0000    35.0000    65.0000     1.7310     1.7010     1.1850 1424587296.0000 
   63.0000    86.0000    85.0000     1.9080    -0.3500     1.3770 190229790.0000 
    9.0000    99.0000    31.0000     0.5720     1.1760    -0.8140 383113840.0000 
   87.0000    31.0000     6.0000     1.4360     1.4210     1.0050 1027161.0000 
   40.0000    61.0000    26.0000     1.6410    -0.8020    -1.5050 742374360.0000 
   34.0000     5.0000    22.0000    -0.5640    -1.1660     1.5870 67630193.0000 
   39.0000    50.0000    67.0000    -0.7850    -1.1120    -0.8830 722880356.0000 
    0.0000    88.0000    64.0000    -1.0780     0.0930    -1.4400 388219488.0000 
   73.0000    43.0000    26.0000     1.7710    -0.5100    -0.9060 1224122438.0000 
   51.0000    60.0000    61.0000     1.3850     0.3990    -1.2200 323709126.0000 
   82.0000    48.0000     5.0000    -0.2770    -0.3830     1.2350 630532098.0000 
   23.0000    15.0000    92.0000    -1.5840     0.5270    -0.6910 184164200.0000 
   52.0000    27.0000    24.0000     1.4420     0.2740     0.2090 684039900.0000 
   21.0000    80.0000    11.0000     1.4210    -1.7880    -0.9560 505059086.0000 
   44.0000    65.0000    69.0000     1.1620    -0.5480    -0.9280 1722169704.0000 
   88.0000    24.0000    95.0000    -0.4330    -1.6670     1.6960 936189100.0000 
   23.0000    92.0000    79.0000     0.7970     0.4530     0.4460 499484000.0000 
   78.0000    38.0000    96.0000     0.0900    -0.4180     1.1070 7883832.0000 
   24.0000    58.0000    40.0000     0.7760     1.3310    -1.0800 156304684.0000 
   96.0000     2.0000    38.0000    -1.3710    -1.8020     0.9580 660118738.0000 
    2.0000    46.0000    23.0000    -0.3440    -1.8560    -1.8020 604880509.0000 
   88.0000    31.0000    65.0000     0.6700     1.8380     1.9540 446621408.0000 
   65.0000    89.0000    91.0000     0.2480     0.0620     1.8990 46549280.0000 
    1.0000    61.0000    40.0000    -1.4000    -1.7800     0.6060 442947942.0000 
    4.0000    49.0000    30.0000    -1.5510     0.8000     0.9130 616814859.0000 
   44.0000    41.0000    11.0000     1.8350     1.5960    -0.5880 1150221138.0000 
    1.0000    41.0000    61.0000    -1.3850    -0.4600     0.0840 1398870924.0000 
   45.0000    66.0000    94.0000     1.5650    -0.7280    -0.7280 1247383216.0000 
   21.0000    22.0000    78.0000     0.6730    -1.9640    -0.4460 1151233846.0000 
   95.0000    77.0000    19.0000    -0.8570     1.5890    -0.7830 849012652.0000 
   11.0000    69.0000    58.0000    -0.8970     0.8530     0.0840 940236318.0000 
   50.0000    91.0000    16.0000     0.0220     1.5630    -0.1920 167270646.0000 
   31.0000    81.0000    62.0000     1.3190    -1.7650    -0.6240 1353063568.0000 
    5.0000    71.0000    74.0000     1.4940    -0.8600     0.5830 1181161524.0000 
   52.0000    47.0000     7.0000     0.2060     0.8310    -0.7960 600029826.0000 
   96.0000    73.0000    55.0000     1.4110    -0.9660     0.2590 703459680.0000 
   40.0000    11.0000    84.0000    -0.4720     1.0390     0.9870 1131782785.0000 
   10.0000    85.0000    91.0000    -1.9490    -1.5320    -1.5720 309404286.0000 
   27.0000    13.0000    79.0000    -1.6420    -1.8820     1.4880 144471744.0000 
   13.0000    47.0000    77.0000     1.7470    -1.1420     0.5780 90053944.0000 
   41.0000    96.0000    78.0000     1.2800    -0.0160     0.6370 48702016.0000 
   75.0000    69.0000    97.0000    -0.6570     0.1490     0.7560 1130643864.0000 
   69.0000    47.0000    87.0000     0.1390     1.7350    -1.3210 521448990.0000 
   78.0000    35.0000    96.0000    -1.8640    -1.2350    -0.0910 105550066.0000 
   57.0000    65.0000    86.0000     1.2410    -1.0460     0.8640 735361408.0000 
   85.0000    37.0000    25.0000     0.7340    -1.1070    -0.9590 187335180.0000 
   41.0000    99.0000     6.0000    -0.6240     1.4780     1.8640 976907079.0000 
   51.0000    74.0000    44.0000     0.8160    -1.7170    -0.1180 52869076.0000 
   47.0000    60.0000    86.0000    -0.8460     1.6760    -0.0260 162748824.0000 
   63.0000    60.0000    48.0000    -0.6430     1.9020    -0.2410 259253190.0000 
   10.0000    30.0000    71.0000    -1.2600    -0.1060     1.4490 895399260.0000 
   23.0000    44.0000    13.0000     0.1060    -0.6730     1.2870 28301472.0000 
    0.0000    36.0000    80.0000    -1.8720     1.8100     0.0160 497933562.0000 
   76.0000    90.0000    35.0000    -0.8700     0.2010     0.9590 90769791.0000 
   41.0000    97.0000     4.0000     1.2360    -0.2540    -1.5950 490340082.0000 
   49.0000    99.0000    27.0000    -0.4720     0.2860     0.3770 1202439875.0000 
   66.0000    87.0000    19.0000    -1.6240    -1.8970     1.9610 322331110.0000 
    3.0000    89.0000    10.0000     0.9560     1.0000    -0.8640 84041778.0000 
   85.0000    77.0000    30.0000    -0.1170     1.7340     1.4630 144112492.0000 
   62.0000    31.0000    64.0000    -0.8990     0.5600    -1.1290 168984415.0000 
   58.0000    10.0000    55.0000     1.0620     1.7230    -0.4390 1353732.0000 
   51.0000     4.0000    87.0000    -1.3970     1.9920     0.2070 13516102.0000 
   36.0000    75.0000    12.0000    -0.7300    -1.3090     1.8160 804443175.0000 
   99.0000    70.0000    58.0000     0.9120     1.8930    -0.8500 189111024.0000 
   12.0000    97.0000    65.0000    -1.0120    -1.8410     0.6590 305575760.0000 
   64.0000    53.0000    65.0000    -0.4920     1.8130     1.3110 41572440.0000 
   38.0000    50.0000    72.0000    -0.7710     1.4670    -1.8220 146924128.0000 
    0.0000    93.0000    30.0000     1.0930     0.8430    -0.8790 45893124.0000 
   18.0000    62.0000    96.0000    -1.7710     1.2210     0.5620 42729687.0000 
   68.0000    57.0000    46.0000     1.9810    -1.9800     1.8840 226744188.0000 
   86.0000    54.0000    88.0000     1.7050    -0.8160     0.5230 1333346533.0000 
   16.0000     6.0000    29.0000     1.4120    -1.9210     0.1260 326353275.0000 
   88.0000    68.0000    79.0000     0.2610     1.8820     0.3710 584884600.0000 
   28.0000    45.0000    83.0000     0.7480    -0.5190     0.0660 1364275311.0000 
   72.0000    94.0000    25.0000    -1.3910     1.9690    -0.6990 3376384.0000 
   59.0000    75.0000    50.0000    -1.6610     1.6530     1.8220 869886350.0000 
   42.0000    68.0000    54.0000    -0.9760     1.5910     1.9530 1396507024.0000 
   50.0000    58.0000    19.0000     1.3830     1.8760    -0.9220 969482044.0000 
   24.0000    80.0000    10.0000     0.4940    -1.4670    -0.7450 511347256.0000 
   30.0000    34.0000    83.0000     0.4350     1.5080     0.3240 900315125.0000 
   45.0000    35.0000    74.0000     1.1360     0.3880     1.1010 925093488.0000 
   12.0000    27.0000    74.0000    -0.8600    -1.6950    -0.8710 161487300.0000 
   61.0000    51.0000    24.0000    -0.7540    -0.3930    -1.2920 163795996.0000 
   94.0000    74.0000    25.0000     1.9020     0.5510    -1.6950 526555667.0000 
   40.0000    30.0000    32.0000    -0.5190     0.3840     1.0400 1296915144.0000 
   68.0000    98.0000    36.0000     0.5730     1.2800    -0.7700 254708272.0000 
   81.0000    79.0000    88.0000     1.1880    -1.8610     1.2790 1661309040.0000 
    5.0000    55.0000    87.0000     0.0560     1.0600     0.0430 159221964.0000 
   74.0000    37.0000    34.0000     1.3580    -1.2230    -0.2420 442408560.0000 
   56.0000    94.0000    71.0000     0.8360    -0.9760     1.7260 757083834.0000 
    6.0000    70.0000    46.0000     0.9450     1.3490     0.0760 962889059.0000 
   31.0000    70.0000    15.0000    -1.7560     1.0140     0.1190 365616850.0000 
    8.0000    83.0000    98.0000    -1.0140    -1.8590     1.0560 460346672.0000 
    2.0000     6.0000    38.0000    -1.7730     0.4330     0.4200 876964074.0000 
   90.0000    83.0000    36.0000     0.1910     1.7600    -1.2810 114691962.0000 
   90.0000    64.0000    87.0000    -1.2960    -0.5160     1.9360 668408670.0000 
   71.0000    94.0000    82.0000     1.1640    -1.8500     1.7660 1513774584.0000 
   72.0000     4.0000    31.0000    -1.0950    -0.7760     1.4680 511695466.0000 
   52.0000    85.0000    57.0000    -0.7360    -1.8960    -1.9940 1104923190.0000 
   71.0000    47.0000    50.0000    -0.7930    -1.9650     1.8940 1635070491.0000 
   40.0000    34.0000    71.0000    -0.5100     0.7520    -0.5630 440026912.0000 
   93.0000    78.0000    34.0000     0.1690    -0.7010    -0.6700 1729393344.0000 
   67.0000    44.0000    67.0000    -0.8280    -1.1490     0.6260 88359264.0000 
   25.0000    69.0000    33.0000     0.7610     0.4150    -0.2640 153714006.0000 
   22.0000    43.0000    98.0000     1.4740    -0.1670     0.7930 24989568.0000 
   24.0000    37.0000    48.0000    -0.0770    -0.0810     1.5350 162822452.0000 
   80.0000    45.0000    59.0000    -0.4170     1.7710     1.4770 113984762.0000 
   98.0000    42.0000    58.0000    -1.5860     0.3780     1.4300 1161063388.0000 
   73.0000    68.0000    27.0000    -0.6940    -1.0860    -1.6700 58594728.0000 
   19.0000    33.0000    13.0000     0.8390    -1.4320    -1.4610 548071150.0000 
   84.0000    85.0000    83.0000    -0.1930    -0.1860    -0.2560 1053589963.0000 
   86.0000    14.0000    79.0000    -0.8830    -0.6560    -1.2510 1265692585.0000 
   69.0000    49.0000    76.0000    -1.8650    -1.4680     0.5610 189279027.0000 
   46.0000    86.0000    90.0000    -1.4850     0.3770     0.1160 1088697456.0000 
   53.0000    51.0000    21.0000     0.2680     0.7950     0.8770 8346135.0000 
   92.0000    12.0000     3.0000     0.4880    -1.8870     1.9250 1537363968.0000 
   74.0000    87.0000    70.0000    -1.6940    -0.6000    -0.5050 624774973.0000 
   34.0000    48.0000    62.0000    -0.2890    -1.4830    -1.9710 1028013480.0000 
   32.0000    98.0000    90.0000    -1.7720     1.5750     0.3750 288506091.0000 
   39.0000    17.0000     8.0000     0.2040    -0.9580     1.2180 522496513.0000 
   57.0000    61.0000    75.0000     1.4580     0.8560     1.5850 355470080.0000 
   85.0000    19.0000     2.0000     0.5020     1.4000     0.3790 247952848.0000 
   77.0000    67.0000    13.0000     0.6520     0.1430     1.5270 497614612.0000 
   96.0000    32.0000    39.0000     0.3900     0.5020     1.9780 87409920.0000 
   91.0000    85.0000    70.0000    -1.4530    -1.0300    -0.4730 329107584.0000 
   46.0000    92.0000    10.0000    -1.7020    -0.2770    -0.3650 450099075.0000 
    3.0000    44.0000     4.0000     1.8980     0.4230     1.5280 286173727.0000 
   12.0000    71.0000    61.0000    -0.3330     0.9010    -0.2800 1452992528.0000 
    5.0000    49.0000    40.0000    -1.5720    -1.5240    -1.7700 1994158080.0000 
   74.0000    46.0000    72.0000    -0.7030     1.1820     0.8040 266232104.0000 
    0.0000     5.0000    35.0000    -1.5240     0.4860    -1.0330 1032397675.0000 
   91.0000     9.0000    17.0000     0.7920    -1.5190    -0.4560 245650020.0000 
   93.0000    77.0000    66.0000    -0.6790    -0.5410    -1.8980 162633630.0000 
   49.0000    68.0000    82.0000    -0.8170     1.5240    -0.8690 970084444.0000 
   88.0000     7.0000    52.0000     0.5740    -1.3740     0.6520 958723095.0000 
   13.0000    94.0000    10.0000     0.2460    -0.5610     1.0470 1319073471.0000 
   24.0000     3.0000     6.0000    -0.2650     1.3570     0.3010 155154450.0000 
   21.0000     2.0000    93.0000     0.5450     1.2850    -0.6350 372078388.0000 
   72.0000    26.0000     0.0000    -0.7010    -0.8220     0.8770 62585915.0000 
   71.0000    78.0000    37.0000    -1.4380    -1.4750     1.3740 636946032.0000 
   77.0000    57.0000    36.0000    -0.0140    -0.1900    -0.3440 1242136280.0000 
   58.0000    38.0000    77.0000     0.7430     1.6040     1.8510 1783991220.0000 
   78.0000    69.0000    79.0000     1.9080     1.9980    -1.9040 387293060.0000 
   26.0000    41.0000    84.0000     0.4520     1.4150     0.8830 1237949564.0000 
   40.0000    90.0000    31.0000     1.8500     1.7980     1.7280 93528279.0000 
   18.0000    64.0000     0.0000     0.2740    -1.3850    -1.5310 276484200.0000 
   90.0000    82.0000    54.0000    -0.4120    -0.3700     0.4580 2026773932.0000 
   99.0000    94.0000    61.0000    -0.0850     1.2770    -0.3860 485903600.0000 
   56.0000    94.0000    71.0000     1.5550    -1.5780     0.9060 370279350.0000 
   70.0000    64.0000    67.0000    -1.7150    -0.0140    -1.3780 94701718.0000 
   57.0000    89.0000    17.0000     1.7870     0.0470     0.2270 661772256.0000 
   21.0000    57.0000    13.0000     0.2500    -1.9760     1.1250 1143481800.0000 
   71.0000    90.0000    87.0000    -1.0540    -1.3040     1.2030 193972224.0000 
   20.0000    58.0000    56.0000     0.7060     0.3810    -0.6610 62886616.0000 
   28.0000     3.0000    77.0000     1.3270     0.7300    -1.2740 29853744.0000 
   83.0000    39.0000    53.0000     1.1590     0.5160     1.8720 10292292.0000 
   15.0000    31.0000    85.0000     1.0630     0.5350    -1.9760 112903990.0000 
   83.0000    38.0000    13.0000    -1.4840     0.8290    -0.7010 371433394.0000 
    3.0000    83.0000    36.0000    -1.4670     0.8090     1.6610 7483320.0000 
   52.0000    90.0000     4.0000    -0.0800     0.4150    -1.6040 567564800.0000 
   80.0000    45.0000    93.0000     0.6150    -0.6780     1.6270 1416804480.0000 
   65.0000    35.0000    21.0000     1.5940    -0.1660    -0.9730 1250091846.0000 
   62.0000    91.0000    23.0000     0.2720     1.5050     0.7600 18909352.0000 
    2.0000    73.0000    30.0000     1.7170     0.4220     0.1420 266852230.0000 
   39.0000    93.0000    69.0000    -0.8870     1.6200     1.6910 1677951568.0000 
   26.0000    91.0000    32.0000     0.0600    -0.4300    -1.6120 1339983414.0000 
   79.0000    25.0000    57.0000     1.3840    -0.3150    -1.7740 1296091432.0000 
   99.0000    76.0000     9.0000    -1.3270    -0.0300     1.9080 745364.0000 
   53.0000    96.0000    75.0000     1.8740    -1.3130     1.0930 145819308.0000 
   37.0000    48.0000    26.0000    -0.4410     0.0360    -0.2720 1608705661.0000 
   53.0000     1.0000     4.0000     0.6900     0.8270    -1.3500 476592264.0000 
   78.0000    38.0000    52.0000     0.4480    -0.3010    -0.7200 415682637.0000 
   76.0000    85.0000    78.0000     1.3160     0.5300     1.1420 113774999.0000 
   43.0000    59.0000    79.0000     1.5310    -0.0130     1.0230 1310870885.0000 
   25.0000    56.0000    82.0000    -1.1960    -1.1940    -1.9360 56060748.0000 
   54.0000    36.0000    85.0000     1.5530    -1.0840    -1.3530 1760002588.0000 
   84.0000    36.0000    60.0000     0.9670     1.1790     1.4420 60922512.0000 
    1.0000    17.0000    53.0000     0.0410    -0.7070     0.0050 280736640.0000 
   13.0000    68.0000    74.0000     1.6710     1.1320    -0.0420 39308435.0000 
   94.0000    46.0000    92.0000     0.8620     0.3930     0.7500 24510860.0000 
   86.0000    19.0000    97.0000     0.3170    -0.5870     1.6350 691988344.0000 
    5.0000    97.0000     7.0000     1.1980    -0.4460    -1.1070 1354734792.0000 
   61.0000    42.0000    38.0000     1.4450    -1.1480    -0.9530 822026250.0000 
   93.0000    27.0000    60.0000    -0.4620    -0.8710    -1.5810 130604733.0000 
   90.0000    17.0000    85.0000     1.8030     0.5050    -0.0710 270023770.0000 
   26.0000    81.0000     8.0000     0.6800     0.3740     0.4280 645152256.0000 
   22.0000    37.0000    32.0000     0.1750     1.8840     1.2670 784260981.0000 
   95.0000    86.0000    20.0000     0.4240     1.4050    -0.0080 1489160780.0000 
   62.0000    30.0000     2.0000     1.3670     1.5590     1.9230 458392423.0000 
    4.0000    37.0000    69.0000    -1.8700     0.1650     1.1680 655628846.0000 
    5.0000     1.0000    14.0000     0.2420    -1.4310     0.9880 224009132.0000 
   26.0000    95.0000    40.0000    -0.2690    -1.1120     1.6850 1057835400.0000 
   67.0000    80.0000    17.0000    -0.4220     0.4550    -0.7540 58601907.0000 
   83.0000    36.0000    42.0000     1.1480     0.2040     1.1600 187144504.0000 
   13.0000     2.0000     3.0000    -0.6180    -1.6580    -1.5730 69797398.0000 
   74.0000    91.0000    51.0000    -1.4380    -1.3720    -1.0190 95402595.0000 
   13.0000    81.0000    25.0000    -0.0320    -0.9730     1.1920 150172048.0000 
   28.0000    75.0000    10.0000    -1.5680     0.3870    -1.5020 1144303875.0000 
   52.0000    49.0000    35.0000     0.5460    -1.4240    -1.4670 197996750.0000 
   24.0000    17.0000    65.0000    -0.2480     1.6500     1.8290 580923844.0000 
   63.0000    24.0000    83.0000    -0.6580     1.8160    -1.9840 578680074.0000 
   43.0000    67.0000    28.0000    -0.0180     0.4170    -1.8260 128763456.0000 
   23.0000    17.0000    67.0000    -0.7490     1.0030    -1.2670 290230014.0000 
    2.0000    18.0000    32.0000     1.0520     0.8480     0.9830 363019268.0000 
    8.0000     3.0000     5.0000     1.7760    -1.5810    -1.7900 71959590.0000 
   30.0000    53.0000    96.0000    -1.4530    -0.4730     1.5300 1066767408.0000 
    0.0000    36.0000    53.0000    -0.6450    -0.9300    -0.6930 50349772.0000 
   77.0000    18.0000    25.0000     1.8770     1.4020     0.4440 1069296854.0000 
   47.0000    98.0000    38.0000     1.6180    -1.5400    -0.3370 830728320.0000 
   17.0000    80.0000    38.0000    -1.1040    -0.4890    -1.6930 76701816.0000 
   43.0000     4.0000    18.0000    -0.2870    -1.4370     1.0520 157379519.0000 
   71.0000    15.0000    18.0000     1.2250    -1.1410    -1.4890 135870392.0000 
    9.0000    77.0000    25.0000    -1.1310    -1.9070     0.9580 979761770.0000 
   90.0000    98.0000     6.0000     1.1530     1.2570     1.4570 242082225.0000 
   62.0000    34.0000    66.0000     0.9250     1.6390    -1.4960 852389157.0000 
   19.0000    37.0000    39.0000     1.7780     0.1480    -0.0220 789874150.0000 
    7.0000    63.0000    78.0000    -1.5000     0.4730     1.5900 1122877140.0000 
   88.0000    69.0000    17.0000    -0.5550     1.4260    -0.0670 66621582.0000 
   20.0000    64.0000    66.0000     0.5110    -1.8320    -0.4160 45434832.0000 
   21.0000    64.0000    17.0000    -0.2790     1.3420     1.0550 37727840.0000 
   18.0000    61.0000     2.0000    -0.9570    -1.6490    -1.7880 953324040.0000 
   81.0000    75.0000    37.0000     1.9600     0.0090     0.3870 168684516.0000 
   51.0000    66.0000    44.0000     0.5710    -1.2490     0.0690 1562956056.0000 
   85.0000    80.0000    46.0000     1.4790    -1.0130     1.0280 236179541.0000 
   89.0000    82.0000     0.0000    -1.8590    -1.6050    -0.2420 785001150.0000 
   34.0000    22.0000    88.0000    -1.8050     0.4620     0.9890 206026374.0000 
    7.0000    72.0000    37.0000     1.6100     1.5930    -0.2010 1555520796.0000 
   31.0000    33.0000     9.0000    -1.2820    -0.2870     0.7890 1139929263.0000 
   72.0000    27.0000    96.0000     1.7190     0.9860    -0.6190 1878487780.0000 
   55.0000    88.0000    15.0000     1.9170    -0.7710     0.4430 1979905939.0000 
   15.0000    20.0000    99.0000     1.2080     0.0190     1.9860 1352191734.0000 
   71.0000    47.0000    21.0000    -1.6160    -0.7120     1.0970 260905120.0000 
   24.0000    35.0000    31.0000     1.3100    -0.0320    -1.0210 32380616.0000 
   19.0000    97.0000    41.0000    -1.2000     1.9400    -1.8760 232792245.0000 
   44.0000    39.0000    15.0000     0.7160    -1.0750     0.4050 48478135.0000 
    4.0000    40.0000    81.0000     0.1930     1.0890     0.5720 153362952.0000 
   60.0000    37.0000    76.0000    -0.8720    -1.5320     1.9110 797787376.0000 
    8.0000    94.0000    39.0000    -0.6510    -1.9820     0.0790 248592165.0000 
   19.0000    24.0000    31.0000    -1.7040     1.1290    -1.3980 1405961442.0000 
   42.0000    26.0000    79.0000     1.6840     0.7980    -0.6160 248981928.0000 
   73.0000    78.0000    39.0000    -0.6590     0.7890     1.9910 365251392.0000 
   37.0000    19.0000    47.0000    -1.7440    -1.3490     1.1550 142209515.0000 
   79.0000     6.0000    66.0000     1.3610    -0.2920    -1.7890 17328115.0000 
   89.0000    78.0000    86.0000     1.5880    -1.5860    -0.5640 965324295.0000 
   15.0000    37.0000    81.0000     1.1040    -0.3190    -1.6380 33767253.0000 
   33.0000    53.0000    26.0000     1.5840    -1.2910     1.8490 313239940.0000 
   55.0000    25.0000    53.0000     1.0150    -1.8640    -1.2480 1340741504.0000 
   82.0000    56.0000    66.0000    -1.4510    -0.9070     1.1160 183719250.0000 
    6.0000    70.0000    64.0000     0.4870    -0.1160    -1.1290 1300641270.0000 
   24.0000    32.0000     6.0000     1.1330     1.1330    -1.2870 843722818.0000 
   38.0000    79.0000    56.0000    -0.8740    -0.1680    -0.8740 108308774.0000 
   83.0000    22.0000    63.0000    -0.1240     1.0910    -1.6480 1729106790.0000 
   75.0000    52.0000    36.0000    -1.8890    -0.2770     1.1410 1498438718.0000 
   25.0000    40.0000    33.0000    -0.0890     1.4530    -1.9410 416223189.0000 
   39.0000     8.0000    21.0000     0.9710     0.9350    -1.6740 325057278.0000 
    0.0000     1.0000    46.0000     1.3910     1.8050    -0.0660 708263541.0000 
   38.0000    76.0000    44.0000    -1.1380    -0.1300     1.7770 1171127914.0000 
   17.0000    47.0000    58.0000     0.3220    -0.5930    -1.0900 271342224.0000 
   71.0000    39.0000    21.0000     0.3580    -0.2830     1.1580 1868565156.0000 
   11.0000    74.0000    61.0000     0.7690     0.3080    -0.5990 709271572.0000 
   30.0000    97.0000    60.0000     0.0000     1.0750    -1.6260 1450171295.0000 
   74.0000    58.0000    67.0000     1.4810     0.4680     1.3840 182888592.0000 
   23.0000    52.0000    49.0000     0.4920    -1.5380     0.6770 1547375940.0000 
   51.0000    23.0000    43.0000    -0.2890    -1.6240     0.6440 60471654.0000 
   94.0000    70.0000    58.0000    -0.6310     0.8970    -0.4940 686466200.0000 
   16.0000    84.0000     4.0000     0.2360    -1.9790     1.5350 502979422.0000 
   39.0000    77.0000    89.0000    -0.6990     1.0550     1.7990 236776232.0000 
   74.0000    18.0000    70.0000     1.1500    -0.7850     1.6800 880261074.0000 
    2.0000    15.0000    30.0000    -0.9010    -1.6270    -0.7530 622467776.0000 
   32.0000    26.0000    78.0000    -0.4470     1.1130     0.5060 790375390.0000 
   83.0000    38.0000    54.0000     0.2900    -0.2110    -0.0190 77412363.0000 
   52.0000    23.0000    14.0000     0.1190    -0.6970     1.7230 304653600.0000 
   90.0000    62.0000     9.0000     1.3160    -1.1910     1.7310 187599342.0000 
   10.0000    35.0000    46.0000     0.7750    -1.6590     0.9480 621288050.0000 
   86.0000    34.0000    19.0000     0.7280     0.6670     1.3200 30138222.0000 
   43.0000     9.0000    38.0000     0.5980     1.4320     1.6700 28721700.0000 
   32.0000    17.0000    91.0000    -1.9580    -1.8000    -0.8520 1274172603.0000 
   84.0000    34.0000    38.0000     1.6770     0.2820    -0.2820 39636120.0000 
   52.0000    74.0000    48.0000    -0.9290    -0.8540    -0.0560 211362382.0000 
   53.0000    81.0000    92.0000    -0.9140    -0.3480    -1.8000 75491086.0000 
   69.0000     4.0000    78.0000    -1.1300     0.6520    -1.6340 373970478.0000 
    0.0000    22.0000    66.0000     0.3340    -0.2080    -0.7280 1812848101.0000 
   98.0000    55.0000    68.0000    -1.7550     0.1510    -0.4410 1636657084.0000 
   92.0000    79.0000    42.0000    -0.1040    -1.3680    -0.9450 80006508.0000 
   59.0000    11.0000    23.0000    -0.4360    -1.2230     1.6080 55152630.0000 
   82.0000    70.0000    63.0000    -0.5250     0.8430    -0.9300 352246851.0000 
   77.0000    39.0000    38.0000     1.4280    -1.5020    -0.4230 25051468.0000 
    9.0000    27.0000    39.0000     0.6410    -0.1180    -0.2280 347985873.0000 
   36.0000    66.0000    58.0000     1.6650     0.4260     0.2620 7372728.0000 
   85.0000    10.0000    83.0000     1.3800    -0.5680    -0.3930 540394828.0000 
   46.0000    12.0000    41.0000    -0.6030    -0.2110     0.4260 254897172.0000 
   53.0000    31.0000    39.0000    -0.8650     0.9040     0.3820 426072615.0000 
    0.0000    91.0000     5.0000     1.6260     1.6060    -0.0480 200969802.0000 
   15.0000    70.0000    71.0000     1.7470     1.2770    -1.1560 307468175.0000 
   56.0000     2.0000    72.0000     0.8460    -1.5720    -1.9360 18138018.0000 
   96.0000    36.0000    21.0000    -1.9000    -1.8300     1.8020 141892970.0000 
   94.0000    49.0000    48.0000    -1.6000    -0.6980     1.4340 416424596.0000 
   56.0000    14.0000    16.0000    -0.9150    -1.0900     1.2290 1611005034.0000 
   32.0000    85.0000    17.0000     0.0120     1.2500    -1.4870 938515680.0000 
   49.0000    67.0000    98.0000     0.1190     1.7210     0.7900 184253060.0000 
   39.0000    41.0000    67.0000     1.7930    -0.6720    -0.1900 13547079.0000 
   76.0000    79.0000    22.0000     0.7870     0.7080    -0.1650 374276800.0000 
   20.0000    75.0000     5.0000    -1.3780     1.4880    -1.2970 870400.0000 
   70.0000    18.0000    61.0000     1.9910    -0.5400    -1.5450 41610825.0000 
   96.0000    26.0000    45.0000     1.3240    -1.7110     1.5080 638414700.0000 
   87.0000    35.0000     4.0000     0.0470    -0.7780     0.7620 1012811496.0000 
   89.0000    97.0000    17.0000    -0.4220    -0.3000    -1.3630 916541393.0000 
   56.0000    29.0000    65.0000    -1.5840    -1.9160     1.5240 971346906.0000 
    3.0000    14.0000     9.0000     0.2920     1.9740    -1.0780 30877048.0000 
   57.0000    14.0000    60.0000    -0.4690    -0.7720    -1.9480 1175155730.0000 
   49.0000    43.0000    48.0000     0.7490     1.9800    -1.0320 2446164.0000 
   97.0000    89.0000    57.0000    -0.9660     1.6130    -1.5750 653550897.0000 
   91.0000    28.0000    60.0000    -1.1350     0.8510    -0.5780 206846625.0000 
   36.0000    91.0000    92.0000    -0.8840    -0.0570    -1.1820 888805918.0000 
   61.0000    34.0000    94.0000    -1.5070     1.0020     1.5180 145484912.0000 
    7.0000    39.0000    38.0000     1.5720    -1.3840    -0.8430 422837100.0000 
   85.0000    53.0000    77.0000     0.2880     1.5750     1.6080 1170266598.0000 
   99.0000    93.0000    32.0000     1.4420     1.3110    -0.2820 382181751.0000 
    5.0000    82.0000    17.0000     1.4590    -1.2480    -1.5490 77876657.0000 
   42.0000     1.0000    83.0000    -0.7410     0.6100     0.1760 196007472.0000 
   82.0000    48.0000    36.0000    -1.7430     0.1560    -0.2150 320121120.0000 
   78.0000    53.0000    50.0000     1.9410     0.7230     0.2370 126978802.0000 
   71.0000    35.0000    40.0000    -1.7770    -0.7620     0.4030 223850631.0000 
   57.0000    22.0000    40.0000     0.4670    -1.9020     0.6110 52340400.0000 
   11.0000    52.0000    90.0000    -1.9800     0.6370    -0.5370 104958634.0000 
   68.0000    77.0000    61.0000    -0.8090    -0.2850     1.6790 290126580.0000 
   66.0000    12.0000    14.0000    -0.2960    -0.2330     1.4000 116514688.0000 
   22.0000    25.0000    92.0000    -0.2270    -0.3120    -1.3930 31633714.0000 
   59.0000    95.0000    72.0000    -1.5510    -0.2420     1.5990 54321904.0000 
   29.0000    30.0000    70.0000    -0.5040     1.3090     0.1420 696116700.0000 
    6.0000    48.0000    32.0000     1.2730    -1.4510    -0.5830 469090316.0000 
   95.0000    42.0000    96.0000     0.5350    -0.0510     0.9020 39327563.0000 
   97.0000    11.0000    10.0000    -0.6920    -0.3890    -1.7210 269440140.0000 
   61.0000    56.0000    36.0000     1.5710     0.1500    -0.0780 753510784.0000 
   71.0000    30.0000    30.0000     1.9720     1.3000    -1.8200 93136160.0000 
   22.0000    44.0000    30.0000     1.8230    -0.2020    -1.2300 1021546472.0000 
   81.0000    46.0000    55.0000    -1.2560    -1.2230    -1.1060 92552717.0000 
   50.0000    24.0000    62.0000     1.0530     0.9470    -1.3400 242439560.0000 
   43.0000    91.0000    94.0000     0.1950     0.5230    -0.7590 911143730.0000 
   85.0000    72.0000    21.0000    -0.0650    -0.5580     1.8050 166576366.0000 
    4.0000    90.0000    20.0000    -0.9190     1.1840     1.4570 414934929.0000 
   81.0000    82.0000    40.0000     1.7800    -1.9050    -0.1510 717030600.0000 
   93.0000    44.0000    85.0000     0.7160     0.0860     1.1750 473241618.0000 
   99.0000    35.0000    59.0000    -0.3580     1.4920     1.7940 684748708.0000 
   84.0000    38.0000    78.0000    -0.3790     1.3470     1.3500 1343160462.0000 
   33.0000     0.0000     9.0000     0.5280     1.4010     0.1120 39415224.0000 
   56.0000    55.0000    63.0000    -0.6060     0.2300    -0.2230 348054158.0000 
   64.0000    81.0000    23.0000    -1.0440    -1.7250     0.9930 543042110.0000 
   32.0000    83.0000    84.0000    -0.1210    -0.6670     0.3920 1352051918.0000 
   92.0000    22.0000    98.0000     1.3460    -1.8660    -1.1320 1715814725.0000 
   23.0000    55.0000    89.0000     0.5050     1.7320    -0.8410 373154080.0000 
   40.0000    62.0000     5.0000     0.2670    -0.9440     1.6100 5957571.0000 
   93.0000    15.0000    19.0000     1.2780    -1.5930    -1.7680 78845949.0000 
    6.0000    47.0000    98.0000     0.7400     1.9680     0.9900 341531190.0000 
   46.0000    23.0000    49.0000    -0.9700    -1.1180    -1.6120 204325888.0000 
   50.0000    84.0000    93.0000     1.5060    -1.3060     0.8240 790829079.0000 
   39.0000    18.0000    17.0000    -0.4020    -0.1500     0.0180 76825040.0000 
   18.0000    52.0000    48.0000    -0.9140    -0.6570     0.0820 1275493520.0000 
   58.0000    30.0000    23.0000     1.0400    -0.8300     0.6020 922179894.0000 
   86.0000    60.0000    79.0000    -1.2680     0.5840     0.9260 365229000.0000 
   96.0000    41.0000    74.0000     0.7460     1.6590     1.6760 1034193595.0000 
   81.0000    54.0000    63.0000     1.7240    -0.1120     1.5450 1100111850.0000 
   27.0000    92.0000    39.0000    -0.5020    -0.3050     0.0580 653439336.0000 
   18.0000    50.0000    18.0000    -1.2450    -1.7720     0.1890 63050988.0000 
   30.0000    56.0000    22.0000     1.8420     0.2850    -1.8720 218776280.0000 
   34.0000    35.0000    42.0000    -0.1770     0.7320     1.8110 559897539.0000 
    3.0000    60.0000     9.0000    -1.0500     1.7180     0.7320 44145816.0000 
   35.0000    54.0000    44.0000    -1.3850    -1.6050     1.8780 274485758.0000 
   87.0000    66.0000    20.0000    -1.2280     0.7950    -0.6090 598164627.0000 
   78.0000    84.0000     4.0000     1.3100     0.6950     1.1260 1110617650.0000 
   86.0000    83.0000    53.0000    -1.4950     1.0680     0.6410 49657640.0000 
   95.0000    42.0000    70.0000    -0.7580    -0.3800     0.1620 1293359007.0000 
   29.0000    92.0000    31.0000     1.9760    -1.6640     1.0210 1521738489.0000 
   57.0000    62.0000    77.0000    -0.6960     1.0880     1.6510 510099830.0000 
   34.0000    60.0000    31.0000     1.0540    -0.4990     1.8290 125513022.0000 
   71.0000    80.0000    90.0000     1.1920    -1.2580    -0.2370 149491696.0000 
   55.0000    83.0000    99.0000    -1.3090    -1.7440    -1.0430 26805226.0000 
   19.0000    35.0000    18.0000    -1.6410     0.1860     1.4250 1652459016.0000 
   85.0000    17.0000    27.0000     1.7860    -0.5020     1.7360 1646271660.0000 
   16.0000    77.0000    62.0000     1.4110     1.8400     0.2650 1676588625.0000 
   48.0000    86.0000    39.0000     1.4050    -1.4570     1.1970 1034470203.0000 
   32.0000    37.0000    73.0000    -1.7300    -0.8370     0.7580 59432250.0000 
   27.0000    69.0000    87.0000    -0.0740     1.7580     0.0730 1354010064.0000 
   50.0000    10.0000    37.0000    -1.6580    -0.1250     1.5240 521062401.0000 
   62.0000    29.0000    81.0000    -1.6430    -0.3220     1.0520 145207018.0000 
   89.0000    44.0000    32.0000     0.3040     1.4540     0.4740 1725101018.0000 
   96.0000    44.0000     8.0000     0.2540    -1.5310     1.1560 979828746.0000 
   18.0000    70.0000    14.0000    -1.0070     0.7460     0.2040 859676628.0000 
   33.0000     2.0000    65.0000     0.3630     0.5540    -0.9120 315625222.0000 
   32.0000    57.0000    52.0000    -0.7620    -1.0160    -1.1910 1474918660.0000 
   53.0000    80.0000    34.0000     1.6750     0.7880     0.7660 948080217.0000 
   88.0000    13.0000    52.0000    -1.2660    -1.4820    -0.0270 1021465120.0000 
   76.0000    11.0000    67.0000    -1.9700     1.2990    -0.3080 219981936.0000 
    2.0000    31.0000    22.0000    -0.8140     1.2400     1.7940 1191868694.0000 
   75.0000    52.0000    21.0000    -0.1370    -0.1300     1.1200 17611020.0000 
   33.0000    74.0000    45.0000     0.3030    -0.6530    -1.7600 568767264.0000 
    3.0000    74.0000     6.0000     0.1030    -0.8820     1.6360 547827885.0000 
   67.0000    60.0000     6.0000    -0.3400    -0.3450     1.5240 196453920.0000 
   76.0000    79.0000    97.0000    -1.5010     0.0510     1.4190 93121952.0000 
   45.0000     3.0000    40.0000    -1.5070    -0.1050    -0.3530 540115686.0000 
   73.0000    26.0000    54.0000     0.1910     0.8630     0.6920 1170663810.0000 
   53.0000    70.0000    42.0000     0.5600    -0.1050     1.4000 415647864.0000 
   79.0000    43.0000    22.0000    -1.6180     1.4150    -0.2680 81233100.0000 
   88.0000    59.0000     5.0000    -0.7170    -1.9940     1.0740 658328154.0000 
   52.0000    88.0000    22.0000    -0.4850    -1.4670     1.4860 105648616.0000 
    9.0000    40.0000    98.0000    -1.8960    -0.5070    -1.6560 660251289.0000 
   87.0000    54.0000    55.0000     1.7540    -1.9140    -1.5740 680120532.0000 
   85.0000    72.0000    10.0000     1.1430    -0.8540     1.4440 321928082.0000 
   85.0000    48.0000    66.0000    -0.1820    -1.6130    -1.1840 108090260.0000 
    9.0000    54.0000    52.0000    -1.5980     1.9500    -1.9690 381347934.0000 
   85.0000    33.0000    92.0000     0.4720    -1.1410     0.3590 46682324.0000 
   31.0000     8.0000    39.0000    -0.0700     1.2050    -1.9350 1039012240.0000 
   66.0000    99.0000     8.0000    -0.6470    -0.7320    -0.0840 806758224.0000 
   22.0000     1.0000    31.0000    -0.5280     1.0320    -0.8430 8626800.0000 
   91.0000     5.0000    94.0000     0.8020    -1.4840     0.8920 438301535.0000 
    1.0000    90.0000    30.0000    -0.4940     0.3560    -0.3370 1396635696.0000 
   14.0000    56.0000    27.0000     1.3820     0.9240    -1.0240 1524659598.0000 
   29.0000    90.0000    70.0000     1.7130     0.0000    -1.9690 1321409038.0000 
   89.0000    77.0000    93.0000     0.7050    -0.6780    -0.4560 375210729.0000 
   35.0000    35.0000    81.0000     0.5430    -0.7500     1.8290 97762515.0000 
   85.0000    44.0000    47.0000     1.7610    -1.4280     0.6590 194835796.0000 
   49.0000    77.0000    66.0000    -0.4990     0.8600     0.8020 1941098172.0000 
   31.0000    38.0000    55.0000     0.5530    -0.2660     1.7600 839668368.0000 
   48.0000    57.0000    12.0000    -1.4020     1.4860     0.3290 87217354.0000 
   25.0000    63.0000    36.0000     0.8490    -0.2780    -1.3570 159521520.0000 
   72.0000    69.0000    25.0000     0.3330    -1.7770    -1.8310 1103359006.0000 
   59.0000    89.0000     8.0000     0.0940     1.2500     0.5360 92508300.0000 
   46.0000    28.0000     0.0000     0.3840     0.8090    -1.7840 1301844810.0000 
   79.0000    44.0000    36.0000    -0.6470    -1.8600    -1.9610 757225612.0000 
    8.0000    53.0000    97.0000    -0.6690    -0.1770     0.0320 1374646356.0000 
   21.0000    45.0000    80.0000    -0.8770    -0.3180    -1.0040 402674922.0000 
   24.0000    74.0000    64.0000    -1.7150    -1.8100    -0.3280 704744352.0000 
   69.0000     9.0000    74.0000    -0.3390    -0.6520    -1.8980 712822932.0000 
   56.0000    23.0000    91.0000     1.9310     0.3070     1.6280 555603136.0000 
   74.0000    46.0000    52.0000    -1.1920    -1.5580    -0.9750 419066052.0000 
   51.0000    52.0000    55.0000    -0.1070     0.3770     1.9280 478171306.0000 
   89.0000    40.0000    59.0000     0.9370     1.3430     1.5360 49284594.0000 
   11.0000    88.0000    82.0000     0.1180     0.2160     1.8470 664882540.0000 
   45.0000    99.0000    50.0000    -1.5610    -1.7240     1.5380 170074080.0000 
   91.0000    65.0000    73.0000     0.6200    -0.4550    -0.0600 441815550.0000 
   80.0000    29.0000    71.0000    -1.1250     1.9650    -1.4800 279755700.0000 
    8.0000     8.0000    95.0000    -0.6760     1.9080    -1.8060 56310441.0000 
   45.0000    17.0000    45.0000    -1.9260    -1.2920     1.0540 483053920.0000 
   19.0000    27.0000    71.0000    -0.1360    -1.7810     0.0890 15832228.0000 
   18.0000    73.0000    27.0000     0.8350    -1.7070    -1.0460 18868212.0000 
   62.0000    60.0000    26.0000    -1.0780    -0.5940     1.7450 589084545.0000 
   62.0000    73.0000    26.0000    -0.3780    -1.7730     0.9800 292157136.0000 
   59.0000    44.0000    15.0000    -0.1690    -1.4150    -1.5340 138577602.0000 
   39.0000    10.0000    91.0000    -1.1150     1.1640    -0.7450 104402944.0000 
   67.0000    64.0000     1.0000     1.8740    -0.8910    -0.0710 76457217.0000 
    2.0000     4.0000    46.0000     1.6820    -0.6640     0.5720 651466053.0000 
   16.0000    48.0000    78.0000    -0.6980    -1.4860    -1.6390 284138118.0000 
   24.0000    48.0000    91.0000     0.0880    -1.3440     0.6290 300056127.0000 
   94.0000    73.0000    49.0000    -0.5450     0.0020    -1.5730 71975844.0000 
   31.0000    30.0000    39.0000    -1.8810     0.4020     0.0720 457845654.0000 
   20.0000    97.0000    72.0000     0.9870    -1.4410    -0.1180 1964393554.0000 
   82.0000    36.0000    23.0000    -0.0620    -0.5830    -1.1050 4986858.0000 
   68.0000    63.0000    19.0000     0.9700    -0.8090     1.4020 43994580.0000 
   32.0000    18.0000    46.0000    -0.3660    -1.6580     1.5130 937839357.0000 
   62.0000    29.0000    50.0000    -1.0270    -1.5370    -0.1050 9301414.0000 
   83.0000    32.0000    36.0000     0.1000     1.9790    -0.5500 65240604.0000 
   14.0000    35.0000    69.0000     1.7570     1.1890    -0.9510 394248755.0000 
   19.0000    29.0000     8.0000     1.6620    -1.6060    -0.1350 94187650.0000 
   47.0000    27.0000    30.0000    -1.0900     0.1740     0.2390 866279583.0000 
   23.0000    93.0000     9.0000    -0.6980    -1.5050    -0.4750 326493530.0000 
   12.0000    18.0000    18.0000    -1.4980     1.9190     0.9020 930900672.0000 
   31.0000    36.0000     1.0000    -1.8220     0.2540    -0.6220 625167165.0000 
    5.0000    65.0000    11.0000     1.4790    -1.3440     0.6200 817039388.0000 
   65.0000    49.0000    81.0000     0.1600     0.2270    -0.1180 44841632.0000 
    1.0000    40.0000    93.0000    -1.6800     0.9420    -1.9790 36852160.0000 
   58.0000    12.0000     4.0000     0.3120    -1.8100     1.8910 1276045472.0000 
   56.0000    76.0000    78.0000     0.6130     1.9480    -1.6340 223050912.0000 
   68.0000    26.0000    74.0000     1.2950     0.1080    -1.0040 1604323842.0000 
   88.0000    80.0000    34.0000    -1.3170     1.6010     1.4450 1036867876.0000 
   58.0000    65.0000    23.0000     0.8000     0.5560     1.6880 19056280.0000 
   17.0000    78.0000    77.0000    -1.0350     1.3970    -1.2260 44546120.0000 
    0.0000     5.0000    60.0000     1.4600    -1.9470     0.9460 871167960.0000 
   26.0000    56.0000    76.0000     0.1280    -0.3470    -0.1150 1218926028.0000 
    2.0000    15.0000    64.0000     1.4580    -1.4970    -1.9360 1152508890.0000 
   42.0000    52.0000    38.0000     0.4910    -1.0740    -0.2310 344282198.0000 
   74.0000    16.0000    91.0000    -1.1210    -0.3370    -1.5870 724399.0000 
   21.0000    49.0000    69.0000    -1.7260     1.3860    -0.8390 133967617.0000 
   76.0000    54.0000    99.0000     0.4790    -1.6300    -1.2260 387451100.0000 
   79.0000    90.0000    56.0000     0.5570    -1.0410    -1.0880 1037588040.0000 
   81.0000    27.0000    16.0000    -0.3560     1.6920     0.0400 446131950.0000 
   89.0000     7.0000    91.0000     0.9280     0.7200    -1.8190 928606275.0000 
   87.0000    68.0000    27.0000    -1.1430    -1.5570    -1.7690 309080604.0000 
   21.0000    30.0000    31.0000    -1.2680     1.8940    -0.5330 439982250.0000 
   46.0000    85.0000    71.0000    -1.5620     1.9260    -1.5910 70949989.0000 
   68.0000    47.0000    95.0000    -1.3120     0.9280    -0.0360 412200.0000 
   85.0000    63.0000    25.0000     0.4280    -0.1530    -0.7010 1179752453.0000 
   81.0000    33.0000    53.0000    -1.8240     0.9530    -0.7780 490699566.0000 
   60.0000    27.0000    90.0000     1.7380     1.3880    -1.7030 894442448.0000 
   44.0000    53.0000    44.0000     0.3250     1.9170    -1.8680 184894224.0000 
   47.0000    18.0000    82.0000     1.5940    -1.6300    -0.4640 13976153.0000 
   22.0000    68.0000    79.0000    -0.0250    -0.8580    -0.4170 522895287.0000 
   62.0000    68.0000    40.0000     1.9500     1.1660     1.8980 762569547.0000 
   51.0000     2.0000    87.0000    -0.2320     1.8340     0.9800 7837544.0000 
   99.0000    57.0000    28.0000     0.0690     0.9460     0.7430 284267133.0000 
   11.0000    52.0000    95.0000     1.4530     0.1870     0.6730 827988255.0000 
   42.0000     0.0000    51.0000    -0.9400    -1.0020    -1.2910 16130384.0000 
   11.0000    62.0000    70.0000    -1.4030     1.8420    -0.6550 836332.0000 
    2.0000    10.0000    14.0000    -0.6520     1.1530     1.3870 829855989.0000 
   91.0000    63.0000    70.0000     0.1780     0.6370     0.0300 1158556224.0000 
   30.0000    30.0000    43.0000    -1.8710    -0.6090    -0.0830 445674320.0000 
   79.0000     0.0000     3.0000     0.9740    -0.3550    -0.0150 69783900.0000 
   96.0000    34.0000     0.0000    -0.4510    -0.7270     0.1210 1079261154.0000 
   84.0000    88.0000    42.0000    -0.9270     1.3700    -0.9270 536911200.0000 
   55.0000    51.0000    81.0000     1.1460     0.1690     0.3120 1004449050.0000 
   64.0000     3.0000    26.0000    -1.0380     0.3880    -0.1540 97118476.0000 
   32.0000    14.0000    86.0000    -0.9950     0.2870     0.4040 97631903.0000 
   92.0000    63.0000    49.0000     1.1140     1.4880    -1.8940 1863530484.0000 
   57.0000    48.0000    41.0000     0.8780     1.6120     0.0410 111497399.0000 
   96.0000    57.0000    38.0000    -0.8160     1.3550    -0.3960 1383300857.0000 
   71.0000    59.0000    92.0000    -1.9420     1.7630     0.7130 503474576.0000 
   76.0000    32.0000    21.0000    -1.7360     1.3900    -1.4130 112952220.0000 
